----0.25--------
0.316290948612368
0.289772237535897
0.260772170246869
0.237515651304319
0.219110546664142
0.205336753136269
0.195158503927791
0.189514041024624
0.186643111867484
0.186600216299187
0.185570879369773
0.186668107828054
0.191158655982828
0.196966100063597
0.203191769756270
0.209712741720280
0.217148519109081
0.224214576031168
0.232667709601787
0.240803387543014 



----0.35---------
0.322041148243245
0.274154639669866
0.237574907153673
0.212298155989941
0.196786970937785
0.188731540024592
0.188004973998364
0.188900254260655
0.198816433226937
0.210074797855658
0.224055213161892
0.240245268102544
0.257767013123954

----0.5---------
0.318201473069309
0.254183037580586
0.212682783044625
0.193133922366232
0.191062973949943
0.200282340440550
0.221857575077510
0.249330831078286


0.99---
0.320267150622062
0.218014370702908
0.206890237183643
0.265947108672357


--------------
Used q filter but unsuccessful
--0.35
0.525419786718013
0.513640438329039
0.504814584516917
0.498945549601611
0.495145147904502
0.493939473442239
0.495496622585967
0.497939893947339
0.501755252156115
0.505786332589732


---0.2
0.524920046336064
0.510588061183885
0.499627947655934
0.491451297879952
0.486117867727611
0.484357191965026
0.484522032920011
0.486220474836901
0.490077877054201
0.493525655781786

----0.45
0.525192278030840
0.515270473564266
0.508157892931898
0.503442301600913
0.500591705929149
0.499865306300013
0.502101367482431
0.505091360713175
0.510100991807309

-------0.9
0.525533599141574
0.524525296182221
0.524552670729964
0.525857138090566


